0.5 
1.447284593353471 
2.344721541680778 
3.194809788948064 
4.000593915311418 
4.765994079628795 
5.491926818221025 
6.1801842201674 
6.832332543539302 
7.450017362617605 
8.034653298687036 
8.588074264464533 
9.111346621432636 
9.605221996579601 
10.07141013436423 
10.51074975651377 
10.92509890409067 
11.31584488995847 
11.68345302362252 
12.02958897123847 
12.35645958252416 
12.6655572135163 
12.95745119240046 
13.23305002118962 
13.4937939968586 
13.74064812050723 
13.97314852254783 
14.19112237147036 
14.39393144582349 
14.58267723185342 
14.75793823608062 
14.92037530590448 
15.07051596279478 
15.20860059472649 
15.33574931655439 
15.45270356009534 
15.56064243473026 
15.66029287403188 
15.75300518604461 
15.83937157826427 
15.92028609427457 
15.99691395451108 
16.0704667916911 
16.14076683976756 
16.20970146442741 
16.27731770440238 
16.34390685141356 
16.40913518946979 
16.47252528319079 
16.53474249238194 
16.5977215423854 
16.66109333508951 
16.7245540849031 
16.78747341889493 
16.85042333142448 
16.91387952098851 
16.97708882070405 
17.03932862116944 
17.10115554403276 
17.16307218757219 
17.22420162960338 
17.28467143351226 
17.34411264159112 
17.40199985682628 
17.45889136331731 
17.5155225670868 
17.5718028079914 
17.62913891776707 
17.6878512919426 
17.74762942235127 
17.8087547135654 
17.87167570502722 
17.93474114153928 
17.99719274805152 
18.0590371158449 
18.12063104255794 
18.18210353006769 
18.24319628618078 
18.30495784457203 
18.36660084561131 
18.42728454115428 
18.48655872974241 
18.54474716874471 
18.6003086862876 
18.65480953256354 
18.70808466060775 
18.75953604391859 
18.81041356846898 
18.86109471578975 
18.91148133298654 
18.96200307939883 
19.01195076356915 
19.06184515523977 
19.11101758783796 
19.15910178077818 
19.20671250798643 
19.25468983899349 
19.30348954517299 
19.35310229530091 
19.40265290441867 
19.45116856368199 
19.49845798321369 
19.54440409882282 
19.58931809381628 
19.63379549967662 
19.67701415182863 
19.7188899291878 
19.75930154866603 
19.79765812776764 
19.83472326561987 
19.86973592350981 
19.90158354251128 
19.93067041893813 
19.95618110201013 
19.97925632451929 
19.99915154144822 
20.01596462555361 
20.02934699719109 
20.0405295087792 
20.05153811269109 
20.06214985813432 
20.07187819376058 
20.08050667448934 
20.08819528030926 
20.09487664483066 
20.1007881325393 
20.10625684605006 
20.11136856064903 
20.11618250033516 
20.12091320034401 
20.12659618648526 
20.13284889205443 
20.13831252599048 
20.14266933024731 
20.14563347945407 
20.14687334965665 
20.14656543418776 
20.14474947887066 
20.14142780822094 
20.13680636283518 
20.13064553104333 
20.1227636936587 
20.11202736438253 
20.09968127283174 
20.08596599924232 
20.07026937117621 
20.05330239548847 
20.03525225671548 
20.01695670125366 
19.99909387520912 
19.98225636195162 
19.96581820747885 
19.94898466258675 
19.93145675618979 
19.91334632487733 
19.89469256983199 
19.87457447668586 
19.85276674064144 
19.83114683962945 
19.80949634760774 
19.78765225038136 
19.76521026329047 
19.74213641617169 
19.71939948066174 
19.69768161044678 
19.67700701734798 
19.65821713954898 
19.64184798695428 
19.62863057219885 
19.61680391996676 
19.6065633991529 
19.59732653084951 
19.58801100792397 
19.57823467360566 
19.56845152576043 
19.55912523829059 
19.55002450615044 
19.54147319437766 
19.53285236532381 
19.52416540076852 
19.51760339803699 
19.51170267331409 
19.50576607942834 
19.49940535628796 
19.49421288623972 
19.49039581380915 
19.48721883359475 
19.48417327959624 
19.48166304105784 
19.48033536836045 
19.47915518850455 
19.477802252292 
19.47679522127716 
19.47659155715294 
19.4767606107882 
19.47809782618371 
19.48133668369345 
19.487051883058 
19.49416519628802 
19.50233592454333 
19.51081052545058 
19.51893567711122 
19.52783125219076 
19.53667129856693 
19.54581077890618 
19.55355785347701 
19.55989787583007 
19.56414490892225 
19.56667912045003 
19.56751066416559 
19.56990733886388 
19.57374034625719 
19.57894200037207 
19.5858862179545 
19.59306917781225 
19.59998311970779 
19.6061007487789 
19.61195432632611 
19.61795927683848 
19.62389244135203 
19.62907245194148 
19.63369611335497 
19.63694460984843 
19.63930625592123 
19.64097375092932 
19.64238307226495 
19.64213679106221 
19.6408681409593 
19.63957358945695 
19.63859831978346 
19.63752851505045 
19.63658198849965 
19.63585833505836 
19.63500375831184 
19.63461113717547 
19.63380424951002 
19.63189326500367 
