0.003204205632394846 
0.003035294629504055 
0.0028755725245496 
0.002723857549926499 
0.002581898036187819 
0.002452499517541681 
0.002326037769737036 
0.002205318243854018 
0.002089617330905103 
0.001979189176335493 
0.001873293759254103 
0.00177327457562965 
0.001676672233473722 
0.001582478258747026 
0.001493762656845176 
0.001407734491825791 
0.001327659872443892 
0.001252030488753274 
0.001177892052400526 
0.001109090752925348 
0.001047360653745961 
0.0009904123701848933 
0.0009352883312027824 
0.0008830753194876298 
0.0008354773154515817 
0.0007909713733748365 
0.0007449790977525607 
0.0006984330344323513 
0.0006498419783430709 
0.0006047803106878936 
0.0005615722968839982 
0.0005204817740393141 
0.000481081538459358 
0.0004424515553827716 
0.0004074106506327467 
0.0003747454458864038 
0.0003458583500595607 
0.0003193004988808656 
0.0002970693123435517 
0.0002767356803998402 
0.0002592667479427106 
0.0002455314213681916 
0.0002356784151708481 
0.000225255810004222 
0.0002208807126020927 
0.0002166563369691664 
0.0002133653199095876 
0.0002090050081915476 
0.0002031148953388425 
0.0001993567321221828 
0.0002017978267439729 
0.0002030562551174488 
0.0002033412919887249 
0.0002016064843631501 
0.0002017044642859261 
0.0002033266800113908 
0.0002025355941682658 
0.0001994291192103266 
0.0001981061744723104 
0.0001983936579680385 
0.0001958713024614881 
0.0001937576862746332 
0.0001904618537226429 
0.0001854825411001425 
0.00018229208553398 
0.0001814580220875135 
0.0001803334648990426 
0.0001837166858828286 
0.0001881265200245109 
0.0001915414221494867 
0.0001958580023900944 
0.0002016117952378098 
0.0002020746268813838 
0.0002001077893386404 
0.0001981620716154477 
0.0001973596068952422 
0.0001969704907160657 
0.0001957537532360946 
0.0001978967332627231 
0.0001975168511277713 
0.0001944430390533064 
0.0001899266889297278 
0.0001864477239914501 
0.0001780305274553095 
0.0001746319186076762 
0.0001707044653458091 
0.0001648608121991043 
0.0001630220507266527 
0.0001623928177014506 
0.0001614490826192654 
0.0001618820644126839 
0.0001600426509436134 
0.0001598718908159 
0.0001575585854897001 
0.0001540716418481951 
0.0001525545602831056 
0.0001537292342400639 
0.0001563642933995895 
0.0001589694533984664 
0.0001587703408237239 
0.0001554541486708626 
0.0001515250244161564 
0.0001472208024214651 
0.0001439136757313776 
0.000142514754372004 
0.0001384814486499814 
0.0001341786016751759 
0.0001294871387463511 
0.0001229023667967912 
0.000118764323471614 
0.0001121877556160515 
0.0001020463201828658 
9.320033327570319e-05 
8.174147438551644e-05 
7.393775793263703e-05 
6.374836614139402e-05 
5.387257878839839e-05 
4.287987057563531e-05 
3.58310666149408e-05 
3.527383065927522e-05 
3.400221451871784e-05 
3.117158780750259e-05 
2.764742655010509e-05 
2.463587407344924e-05 
2.140846583155131e-05 
1.894162221187539e-05 
1.752288263312934e-05 
1.63789847092069e-05 
1.54248526563156e-05 
1.515813561353058e-05 
1.820945620262505e-05 
2.003495440244232e-05 
1.750660663123376e-05 
1.396009673896864e-05 
9.497743583564397e-06 
3.9727990865651e-06 
-9.866244797413643e-07 
-5.818694255225789e-06 
-1.064331580478955e-05 
-1.48080613348631e-05 
-1.974057192767349e-05 
-2.525502774146925e-05 
-3.440140673792644e-05 
-3.95594160851168e-05 
-4.394655688504919e-05 
-5.029522405906315e-05 
-5.436567906334144e-05 
-5.783635632193753e-05 
-5.86227218585361e-05 
-5.72361678224205e-05 
-5.395085481518641e-05 
-5.267122714783096e-05 
-5.393813935643658e-05 
-5.616301640121622e-05 
-5.802954601649018e-05 
-5.977046698158957e-05 
-6.446250737187422e-05 
-6.987647066333541e-05 
-6.92746085944183e-05 
-6.937262848007094e-05 
-6.999297936737217e-05 
-7.190874143874929e-05 
-7.393335089900564e-05 
-7.285381682440383e-05 
-6.958852206638575e-05 
-6.62456476546427e-05 
-6.020663227556939e-05 
-5.245013094145533e-05 
-4.235131480503716e-05 
-3.789502569445197e-05 
-3.281273447042624e-05 
-2.959682544341277e-05 
-2.984885102671774e-05 
-3.132538548691207e-05 
-3.134721742820882e-05 
-2.988334284021623e-05 
-2.916061718237527e-05 
-2.740016134671158e-05 
-2.762290901025373e-05 
-2.783482075648928e-05 
-2.102600611213531e-05 
-1.890713539232589e-05 
-1.902206756598467e-05 
-2.038106491250723e-05 
-1.6637741774623e-05 
-1.223068498128428e-05 
-1.017969789696597e-05 
-9.758581275807947e-06 
-8.043320463386006e-06 
-4.254136334946595e-06 
-3.781538941530615e-06 
-4.335085832503961e-06 
-3.226734449743668e-06 
-6.525817339532179e-07 
5.41682610292647e-07 
4.284713101986487e-06 
1.037796547525558e-05 
1.831267399413752e-05 
2.279251831664073e-05 
2.618069349642853e-05 
2.715436395931471e-05 
2.603465671506716e-05 
2.850325177325362e-05 
2.832532638915457e-05 
2.928477438020801e-05 
2.482321997441244e-05 
2.0314735333214e-05 
1.360836735492079e-05 
8.120134850989084e-06 
2.664437056988964e-06 
7.67943856727124e-06 
1.228174387866109e-05 
1.666716941265585e-05 
2.225070109019378e-05 
2.301568043347519e-05 
2.215369156373998e-05 
1.960214152653942e-05 
1.8756066146438e-05 
1.924109625399828e-05 
1.901107915224256e-05 
1.659781910656549e-05 
1.481516194337987e-05 
1.040885076117118e-05 
7.567199648198934e-06 
5.342996896897791e-06 
4.515755361487807e-06 
-7.891356169695794e-07 
-4.065015805287077e-06 
-4.148009215253395e-06 
-3.124964580883293e-06 
-3.427874351080951e-06 
-3.032865705287746e-06 
-2.318734432472516e-06 
-2.738239624517647e-06 
-1.25803885655564e-06 
-2.585434002334409e-06 
-6.123187318672144e-06 
